<?xml version="1.0"?>
<opencv_storage>
<calibration_time>"2017年11月18日 星期六 11时45分33秒"</calibration_time>
<nr_of_frames>25</nr_of_frames>
<image_width>640</image_width>
<image_height>480</image_height>
<board_width>9</board_width>
<board_height>6</board_height>
<square_size>50.</square_size>
<fix_aspect_ratio>1.</fix_aspect_ratio>
<!-- flags: +fix_aspectRatio +fix_principal_point +zero_tangent_dist +fix_k4 +fix_k5 -->
<flags>6158</flags>
<fisheye_model>0</fisheye_model>
<camera_matrix type_id="opencv-matrix">
  <rows>3</rows>
  <cols>3</cols>
  <dt>d</dt>
  <data>
    3.0812678049937995e+02 0. 320. 0. 3.0812678049937995e+02 240. 0. 0.
    1.</data></camera_matrix>
<distortion_coefficients type_id="opencv-matrix">
  <rows>5</rows>
  <cols>1</cols>
  <dt>d</dt>
  <data>
    -1.1869466166192455e-01 9.4311809307151950e-03 0. 0.
    -6.2769945678095985e-04</data></distortion_coefficients>
<avg_reprojection_error>3.9595179376679472e+00</avg_reprojection_error>
<per_view_reprojection_errors type_id="opencv-matrix">
  <rows>25</rows>
  <cols>1</cols>
  <dt>f</dt>
  <data>
    2.14006758e+00 1.93728590e+00 2.61345792e+00 3.23535085e+00
    2.92162347e+00 3.93939114e+00 4.44262600e+00 4.70258713e+00
    5.18684435e+00 5.82627439e+00 7.93669510e+00 4.96614075e+00
    4.45880365e+00 3.93672085e+00 4.09295797e+00 4.24719191e+00
    3.79650450e+00 3.13266015e+00 3.37129498e+00 3.00054336e+00
    2.76078868e+00 2.83305168e+00 2.90755200e+00 2.56991696e+00
    2.53643060e+00</data></per_view_reprojection_errors>
<!-- a set of 6-tuples (rotation vector + translation vector) for each view -->
<extrinsic_parameters type_id="opencv-matrix">
  <rows>25</rows>
  <cols>6</cols>
  <dt>d</dt>
  <data>
    1.2400556518946515e-01 -3.0815943103659371e-01
    -3.1220984040833057e+00 1.0911552158136446e+02
    1.6154539941886071e+02 3.8089913428182052e+02 7.4382857838721228e-02
    -3.0142869428908398e-01 -3.1192842022694136e+00
    1.1073798591350760e+02 1.6733366645983537e+02 3.7476995320880991e+02
    3.6642915058529603e-03 -3.8344811739205120e-01
    -3.1127946085968863e+00 1.1044321929385461e+02
    1.6976560884857662e+02 3.5972094406928221e+02
    -2.9641059028608703e-02 -4.3875815006976149e-01
    -3.1161144354916157e+00 1.1530855049105867e+02
    1.7557882797775875e+02 3.4317217733042747e+02 1.2868532922563694e-02
    3.1195823342970092e-01 3.0950187316493962e+00 1.0119694564309697e+02
    1.5365905143672140e+02 3.4184048297289650e+02 8.5033173936762338e-02
    3.2431675998293008e-01 3.0938793232073696e+00 1.0216273236197776e+02
    1.5146546093165858e+02 3.3485823972672097e+02 1.0372918059498186e-01
    3.3461582492154562e-01 3.0811458578952817e+00 1.0303019043523187e+02
    1.4909859158834558e+02 3.3508566683846595e+02 1.2239044712385545e-01
    3.4162410012331851e-01 3.0762436843686567e+00 1.0361088496369338e+02
    1.4683362405607159e+02 3.3507217698178158e+02 1.3819619076547948e-01
    3.5453146844338840e-01 3.0705767649494553e+00 1.0224211005583416e+02
    1.4254782763362434e+02 3.3506629523910459e+02 1.5708732019362265e-01
    3.5363539876224276e-01 3.0618780623334287e+00 1.0053207934369513e+02
    1.3734087345191443e+02 3.3526388355394471e+02 2.2719910287359216e-01
    4.4272414034729474e-01 3.0258844412066010e+00
    -4.7237072563160723e+01 1.2925095155300588e+02
    2.9785000971474653e+02 1.4296801605198442e-01 3.8903885434340996e-01
    3.0183257939281245e+00 3.5495715934470510e+01 1.4820404459900936e+02
    3.4024812379167429e+02 1.2566274016540593e-01 3.5635881685550092e-01
    3.0369577984224114e+00 8.3623640980457537e+01 1.5750689363458855e+02
    3.4884444358856211e+02 1.0578571882050974e-01 3.3756679217935570e-01
    3.1079477589550355e+00 2.6242950416550286e+02 1.8211507214377554e+02
    3.5004500089901910e+02 -1.8823990654886069e-01
    -4.2538624850641266e-01 -3.0811282310850627e+00
    3.8749109357512401e+02 1.8123348955975021e+02 3.2028484512352992e+02
    1.1448857613715144e-01 3.2075793093900934e-01 3.0587083790742535e+00
    2.2779066630900869e+02 1.5408397592099448e+02 3.6172825391767600e+02
    1.0125602578608819e-01 -1.0612104647792303e-01
    3.1220076077894046e+00 1.4726039887410306e+02 1.3576262192799771e+01
    3.4124180726430222e+02 8.2135827083411925e-02
    -5.0410615931962117e-02 3.1226462243027275e+00
    1.5550201214812304e+02 5.0845614092704004e+01 3.4872651089079460e+02
    1.1193153885427243e-01 2.3812489560661280e-02 3.1247708582410345e+00
    1.5986069251062992e+02 9.2257998144138114e+01 3.4789268578166553e+02
    1.1555608283724476e-01 7.3053161947964559e-02 3.1174784044649124e+00
    1.6471865980495696e+02 1.1574383649129190e+02 3.5162717453318891e+02
    1.0951515537990872e-01 1.7025731671216743e-01 3.1116746946333653e+00
    1.6874649015532228e+02 1.8327710290249752e+02 3.5070314811068977e+02
    1.0842729634940133e-01 1.9056399216965236e-01 3.1110819417441653e+00
    1.7103983600761276e+02 1.9339430005350539e+02 3.4994877643402651e+02
    1.0678669114340249e-01 2.4767121924066055e-01 3.1055480059940503e+00
    1.7645513679051953e+02 2.1874264148726414e+02 3.5828582590290699e+02
    9.5085483160465556e-02 2.5166056187096819e-01 3.1166787386949522e+00
    1.7470181628436598e+02 2.2733593436934319e+02 3.6067888073405669e+02
    9.8674719468130750e-02 2.7259599105911764e-01 3.1096411619234381e+00
    1.7258963797510097e+02 2.4174660865699718e+02 3.5789387609724963e+02</data></extrinsic_parameters>
